mN=-1.014503e-01
bN=14.180093
b0=3.523724
b1=-0.033887
b2=-3.928913
b3=0.008648
