mN=-1.014503e-07
bN=14.180093
